1002429709
1005030107
1007348821
1009723103
1011779923
1012496720
1013374373
1017008360
1020915887
1021694414
1024831195
1028753673
1036807025
1036882708
1040719312
1043155371
1046869242
1048553945
1052365630
1053477916
1060693880
1061541618
1063624418
1067703085
1074971123
1076730662
1077882385
1078616167
1082719675
1083722498
1088250043
1088589367
1092407711
1093521663
1094025856
1095971392
1096949037
1099017860
1101505286
1102329849
1106550825
1107550759
1108049154
1114680198
1114742082
1115061916
1115358651
1117505747
1119612761
1121241618
1121789376
1123718885
1124209164
1126638492
1129416728
1134057606
1136439682
1137019283
1147565334
1147858472
1148500668
1154999993
1155845489
1156695692
1159043364
1161277540
1162561211
1163012878
1164046163
1164102986
1165609599
1169443989
1170742529
1172192033
1172790518
1173108831
1175275858
1176788575
1177414620
1178900505
1181951965
1184232848
1185074517
1185591830
1185738490
1186310187
1187308285
1187539630
1188660346
1191334779
1195704573
1197064145
1197805004
1199609191
1200896109
1204193503
1204911255
1206271222
1207477900
1207538513
1208645617
1210434249
1214108484
1216798697
1217001559
1219514914
1220104022
1220380276
1220937643
1221395521
1222211746
1226194821
1229309254
1229457504
1231381138
1235791823
1237630585
1238007108
1238398607
1242755736
1243983248
1244243856
1244471841
1246192027
1247618519
1252977352
1254325727
1255584502
1257013538
1258467904
1258601005
1259477152
1261428815
1262528560
1262950882
1263008318
1265626598
1269271859
1270692174
1272395222
1278571618
1282327916
1284811711
1286072533
1288817584
1289799040
1291121934
1292184371
1293538591
1294039171
1294300680
1294888682
1297031277
1298245731
1299116302
1299145236
1300737545
1302022213
1308317759
1309146121
1313614028
1313690599
1314419194
1315634923
1319804373
1321789758
1321793501
1325664331
1325769029
1326927155
1329556003
1329705679
1332174579
1333762280
1334907176
1335147340
1337307112
1337425218
1338180831
1341791595
1345647991
1346115515
1348309781
1353631998
1361467631
1362335594
1363958570
1364229302
1365747002
1367042247
1368899271
1368989904
1369438297
1373058436
1373419762
1376077475
1380868689
1381089556
1381110808
1383470637
1384876259
1387899111
1390235346
1390595285
1392106301
1393154626
1401053855
1401955019
1402378806
1405105635
1405659493
1406230524
1406558242
1407271571
1414744734
1415104139
1417382520
1422079887
1422322299
1422723909
1426803888
1429666695
1429919497
1430034181
1431019875
1431340150
1433183039
1434083999
1434343857
1436231480
1436481804
1436606567
1438818890
1442781604
1444892160
1446140463
1447985834
1451672637
1451885124
1453749830
1454737533
1456532537
1458887443
1460362522
1469291512
1469463128
1470096083
1470620353
1475642396
1482751166
1483265719
1485864239
1488062230
1488093564
1489567974
1490211433
1490411927
1490444640
1491244258
1491322819
1493239914
1493916681
1495589296
1495983757
1499902488
1504735742
1505470141
1506590025
1506601493
1507913958
1511994558
1512800335
1513559546
1523185122
1523323109
1525117821
1525701204
1525854650
1526288178
1529447832
1530544547
1531706013
1532104499
1536631337
1544923343
1545090583
1550898970
1553901403
1557167326
1558096402
1558366775
1560512864
1563604013
1564489114
1567282578
1572441343
1573254721
1573529015
1576281805
1576900798
1577257563
1577776326
1581382748
1582794292
1585163851
1587276640
1587449572
1587991777
1589171257
1589917516
1590151663
1590746987
1592417366
1592679429
1593491470
1596008519
1596145095
1597009403
1598617906
1604557657
1605470733
1606814674
1609132545
1610151843
1611582052
1612486815
1612551454
1612785585
1614257217
1614320650
1614438078
1615018073
1617779451
1618432934
1622027931
1622764831
1623140887
1624308401
1626597430
1627293515
1627632535
1627796047
1632965306
1636933565
1637899600
1638064191
1638808206
1639123671
1640243142
1641846433
1647243253
1650000522
1650094530
1651175814
1651730380
1652704683
1652952252
1653376039
1655476969
1656232334
1656402779
1657327803
1664943744
1671065444
1671498154
1671550343
1672581659
1673175533
1673543663
1679612743
1681454930
1681540847
1685742432
1685761207
1687350541
1687724391
1690257379
1691334787
1691465236
1692431121
1693088327
1694372678
1699447693
1700579728
1700871369
1703028125
1704599681
1705750808
1708044209
1712747811
1713069420
1713380463
1714439874
1715168333
1715629446
1716396545
1718012776
1720102883
1720623841
1721598325
1722378518
1723395508
1724311827
1725389441
1728583937
1732457952
1739959650
1741234558
1742100934
1743423760
1744239571
1745509157
1746230110
1747753110
1754712519
1755095750
1755442659
1755901751
1757172715
1758723950
1758804380
1758816453
1759047421
1760559904
1761494036
1761611351
1761918038
1764836500
1765165542
1765673358
1767651460
1777111959
1780677669
1782299716
1785068380
1787134772
1788410275
1789404800
1791790574
1795327319
1799491697
1799566301
1801223867
1804305067
1807412079
1807545877
1810837452
1814012466
1818582054
1819921476
1820568195
1825649378
1828893057
1831352044
1832169878
1832807138
1833877025
1834597014
1834853923
1838805966
1846440695
1849460460
1849892427
1850102841
1854258899
1855117753
1856056203
1857156817
1858685596
1859129316
1860572575
1872453604
1873148566
1873688625
1874874834
1877201261
1880715692
1880938404
1881297755
1885058545
1889679999
1890532049
1890971414
1897210013
1906545135
1912023675
1914147718
1914369669
1914660378
1914999846
1922851992
1926977787
1928880434
1930010931
1930137041
1933025804
1933558835
1936135679
1938539162
1940910190
1941563347
1941779050
1941989159
1942693198
1944328526
1945709734
1947397022
1948574428
1949620465
1954083237
1954766863
1956431081
1959087243
1962490843
1963835008
1966264111
1969328574
1973344105
1973461196
1974416651
1974476606
1982301063
1985140026
1985693414
1985969699
1986125802
1986188384
1989426958
1989606730
1990472470
1992994412
1993456818
1994197273
1999695958
2002714697
2005073289
2006660458
2010330423
2011127364
2012511513
2014748554
2015882015
2015986480
2017283615
2020108440
2020453351
2024735800
2028385184
2031859791
2034317063
2037991851
2038766772
2038863155
2041201679
2041983636
2044755532
2045920577
2048380551
2048803190
2049297735
2049357421
2052523166
2053894031
2054197532
2060926587
2061420088
2062074457
2062106029
2062148727
2062585214
2064722760
2068226725
2070761027
2071762371
2073223723
2075057466
2076404148
2077163054
2081520411
2082447157
2083279282
2084603400
2086707214
2086832065
2089960001
2090913179
2094235465
2095308630
2095333691
2096504847
2099304395
2099487705
2102006075
2102512192
2102920470
2106659134
2109757389
2111213217
2115590660
2120375746
2120496406
2122964366
2123040810
2123345527
2123421895
2125192405
2128086886
2130544570
2131011564
2131316661
2138023735
2143010774
2144007368
2147232384
2154788312
2154844264
2158539114
2158914444
2160443719
2165373373
2166505383
2167603003
2174485061
2176534429
2177232377
2177901659
2181103883
2181837148
2189112027
2189462523
2189682024
2190074946
2190086530
2190519134
2192557502
2193954822
2194850394
2195184925
2198060164
2200927462
2203311914
2208480025
2210710391
2215188832
2216312454
2216477570
2217258727
2217767659
2226213308
2227196218
2228105083
2228758595
2229636084
2229983857
2233421964
2235721198
2236490463
2237572863
2238362624
2238990404
2242103265
2243104903
2245100333
2245667120
2248890035
2249705860
2249822029
2251621698
2252513808
2257604962
2258566459
2259653865
2262798801
2263243992
2267282530
2269306382
2269549221
2269651789
2271397384
2273398381
2274691220
2278146918
2279238571
2287808783
2288359200
2288845173
2289237608
2289799262
2292057664
2294279598
2294391889
2294408179
2296346858
2296425461
2296615570
2297394683
2297753502
2299901277
2306357175
2306500118
2307234685
2310755772
2313487138
2313798369
2314686871
2314869683
2314879957
2317514838
2320095883
2320570478
2324075179
2324344858
2326357163
2326965388
2327574495
2329266193
2329513228
2330801813
2335597843
2339558340
2340967788
2346143379
2346874093
2348493873
2350625312
2352861071
2358605216
2359311720
2359641414
2361213981
2361571822
2363251166
2365326945
2367079655
2370297848
2372315122
2378421951
2380109240
2381755910
2382051664
2391482460
2391487038
2391560516
2393952823
2395913834
2396609397
2399881987
2399919499
2399932500
2403504302
2405835263
2410825835
2411472152
2411513916
2413342491
2414889977
2416247655
2418945524
2419451252
2419545031
2420466716
2427504087
2427995784
2428388120
2429399844
2429519043
2433225430
2435117430
2435835978
2438294495
2440460206
2441441580
2442464637
2442740044
2445896277
2447000588
2448099076
2448455497
2450909982
2452974837
2456917679
2461830488
2468069723
2469329009
2470109494
2473131646
2474303347
2475156288
2478421604
2480904936
2482346589
2484187045
2484640206
2485036667
2485780642
2487215996
2487852867
2488846197
2494142967
2495323629
2498188749
2498491237
2498538444
2499335299
2499672221
2501315264
2502377557
2503379877
2503760819
2504643816
2505199141
2505255412
2506937424
2510988597
2512515797
2514843742
2520107676
2522022453
2523974831
2525230279
2526283461
2527671544
2530543466
2532063206
2532626354
2533331954
2537801872
2540294432
2540581861
2543741382
2545048934
2548866786
2551571785
2552390393
2553854941
2555935447
2556643447
2557622271
2564990160
2565305732
2567392017
2568840461
2570219421
2570887323
2572528194
2572942394
2574536556
2574868278
2575782521
2579212566
2580299157
2581014156
2582016260
2582232220
2582659208
2583082839
2589965148
2590287700
2590593844
2591923883
2592708541
2593198974
2594013550
2594557891
2594873964
2599058931
2602482722
2604009116
2608211033
2609269701
2609589804
2609755793
2614420949
2615410323
2620662834
2625122732
2626277659
2626676769
2627361675
2628386324
2628715515
2630360291
2633105702
2633159326
2633216231
2634948212
2635126234
2638301314
2640281782
2640496895
2643046079
2644195645
2645773890
2649059102
2649848817
2651105229
2654071625
2654517743
2658948266
2660416204
2661313981
2662841898
2662917409
2663282174
2663494184
2664066645
2665857208
2668166661
2668950627
2670511738
2674791871
2677520320
2679235711
2680192497
2680602028
2680956939
2681119569
2681442681
2682329454
2683648674
2686488615
2688037756
2691683178
2692469352
2692917975
2695636472
2696390839
2701390621
2704024815
2707277606
2708407047
2709855745
2715385021
2718222941
2718337785
2718897553
2720326289
2721140256
2723081975
2726657434
2726729151
2732261271
2732760667
2734171072
2737909141
2738073024
2739910842
2741565104
2742808283
2742944977
2744014962
2745700536
2746193443
2747605407
2753322291
2753593036
2754228139
2755274915
2755801702
2756184286
2757409745
2758118023
2761440679
2762829395
2763722659
2764020643
2764099114
2764133691
2764187573
2765175853
2768660150
2769119589
2769545154
2771018385
2771303202
2772669809
2778438495
2778892515
2779178306
2782461513
2782938073
2784112938
2784444179
2784929400
2785322770
2785461347
2786387209
2786391785
2787626816
2789567863
2791320449
2793655987
2793933840
2794006631
2794201081
2799934405
2800071366
2800922862
2801704081
2801832510
2803735267
2809063050
2809626371
2810400560
2813157306
2814006991
2814078199
2814532732
2817122284
2818557223
2818718290
2819979724
2820812105
2822487967
2824329477
2825358888
2826366094
2828457239
2829149382
2829253173
2833547062
2835863110
2838340758
2843978134
2845338329
2846248647
2847966382
2851447095
2851837717
2853200237
2854553196
2859406241
2863018335
2866129222
2867125685
2867326904
2867586604
2868782041
2870828620
2871857159
2871883827
2873914453
2878977903
2881338843
2882600098
2886184222
2887103861
2887284439
2887317328
2888014165
2891114843
2892201492
2893678554
2894269497
2896124418
2896186327
2897694106
2902058801
2905727441
2908242641
2908603703
2910794810
2911303796
2912287408
2912374105
2917721439
2918074074
2919077299
2921697178
2924420040
2926633132
2926893962
2927092981
2927229604
2927660354
2929830046
2937037613
2938265493
2940462915
2941556096
2941722382
2942689132
2949173020
2951969539
2953257100
2953276126
2954808561
2955361417
2956836273
2963292294
2964554282
2966667371
2968051343
2971924596
2972852523
2975769554
2978343262
2978733206
2981640830
2985507334
2987688431
2987707595
2988477651
2989049718
2989205310
2990077673
2996321329
2998906798
3001956866
3004445032
3008952745
3012871882
3015706208
3020691747
3021223440
3021747563
3022488075
3029967877
3030436152
3031613463
3032103597
3036069860
3037737445
3038001076
3042541547
3042621591
3043120308
3043981866
3045659374
3047216092
3047441310
3048448336
3049095897
3049501972
3050010149
3052155963
3053713837
3053830223
3054623433
3056139988
3056191294
3056951158
3057345849
3057845345
3058009213
3061381900
3062005204
3062729393
3062756484
3063165943
3064638467
3068245864
3068603118
3072672673
3073647682
3075378208
3075967705
3077798373
3077981943
3079402163
3079642451
3080707442
3082317007
3082900428
3087794184
3088988529
3091458016
3092228630
3092880561
3095788451
3100376474
3100572074
3100717400
3110169452
3110390036
3115078459
3117998960
3119745985
3120325501
3121641905
3122340228
3122602278
3123863765
3127058034
3130690958
3131246128
3131347580
3131644954
3132887377
3134381224
3134962313
3136805778
3137475965
3138177940
3140521867
3141526377
3142077157
3142632545
3144609535
3149127026
3149157300
3149302402
3151222415
3153328404
3154918880
3155312134
3156534442
3156699182
3162109336
3163113838
3164957218
3165918357
3166483313
3177028064
3177586057
3178976546
3180503243
3180652265
3180689555
3183691690
3185712969
3187195278
3189606499
3189770013
3191442222
3191779629
3193292479
3195106519
3195710371
3198351680
3200939101
3204341334
3204575454
3204808458
3204927811
3208526425
3209433422
3209864789
3213488870
3213655729
3214218409
3214745516
3217178917
3218854704
3218969445
3222606036
3228476531
3235140386
3237655424
3246267101
3246849699
3250060661
3250173416
3250274091
3251918416
3252762451
3253338714
3257170643
3257614950
3264997688
3266101441
3266735600
3274015933
3280005267
3280503007
3283574700
3284863186
3285974646
3289637701
3290207506
3290341019
3290878329
3291157627
3292322653
3294396464
3294648968
3296269205
3296325578
3298976936
3299500952
3300373864
3308087688
3311604435
3311864287
3313684432
3316448021
3317911608
3317936815
3320323337
3321790398
3321980886
3321999630
3322054515
3323829751
3323889854
3324514265
3329378374
3331116499
3331521626
3336399135
3337605437
3338372463
3338701765
3338972241
3339187921
3341015973
3341702108
3343271449
3344258490
3346041592
3347214851
3348804388
3357230790
3367399021
3368369917
3368626892
3370274572
3370300131
3374794273
3374919724
3377098242
3378065920
3378376619
3380567315
3380906165
3386574852
3387460122
3390416004
3390562781
3391546804
3395808404
3397456878
3398492487
3399355170
3401010981
3402590557
3403814620
3407348239
3409478370
3410221539
3412541880
3412888273
3412913295
3413737269
3414978986
3415873501
3416489590
3417771887
3417853459
3420360001
3424818221
3425218264
3434453555
3435945874
3440151608
3440627740
3440722762
3445356503
3446329864
3447294589
3447321765
3447978216
3449804815
3450218597
3452613554
3454168846
3456642557
3461274231
3463938296
3473892430
3476922976
3477763696
3479841717
3481673512
3482023308
3482609797
3483910332
3486209287
3487246419
3487583024
3496649409
3500337231
3500341208
3500472939
3500578469
3504249304
3504342458
3506290413
3507179716
3507339704
3509557068
3509665455
3510611233
3510843071
3514764219
3515398053
3516070597
3516537228
3516952875
3523707613
3523717343
3524125582
3525918733
3526827201
3528216622
3529337499
3529562728
3531212582
3536608484
3537400423
3542670475
3543359317
3548059129
3549250782
3550757910
3558433373
3560163319
3561145299
3562594081
3562752126
3565458643
3565713657
3566481797
3570362551
3573198891
3573757289
3577305688
3579788933
3582011636
3582780632
3582959098
3583623584
3583722889
3583865926
3585182835
3587164387
3588350619
3594869053
3595076904
3596465616
3597794598
3600765259
3601819194
3602191239
3603145622
3605774986
3611532355
3611575624
3613795192
3614736424
3614876314
3615431528
3623190643
3623323357
3625956476
3627002135
3627645085
3627714447
3628613724
3630242473
3630434865
3634144455
3635022602
3644607347
3645179818
3645925654
3649099574
3650647647
3651042130
3651329185
3653988564
3654836188
3655192385
3655695091
3657361123
3657661915
3662550941
3667152985
3668515906
3669696339
3670226223
3671677723
3673127924
3673458280
3674022523
3678007366
3681519395
3683866454
3684384722
3685433993
3691228307
3692253808
3693254401
3695500468
3695792054
3698875141
3701757080
3708286939
3713049265
3714045573
3716139805
3718323811
3718995092
3723415278
3727634506
3730025569
3735490972
3735493732
3739576262
3741384324
3744961865
3744972999
3745878143
3747407396
3748250817
3749718029
3750538875
3750608966
3750935060
3754818049
3755619769
3756760295
3759115302
3761345646
3766548428
3766803022
3769898635
3772009668
3774300687
3775537393
3778649904
3779170552
3781174700
3781408351
3782780207
3783484789
3784201654
3785765588
3788634852
3790500790
3793765984
3798242729
3802048720
3803166989
3805019176
3811239618
3813878565
3814172656
3816566068
3818308428
3819427344
3821290725
3823989772
3824858085
3825377499
3825804572
3827624776
3829604444
3835477441
3836326733
3837488004
3840738957
3845373013
3846498584
3849241029
3851426957
3853713415
3856858716
3860788423
3863135058
3863306694
3864684105
3866121869
3869492238
3869957255
3871025445
3872816964
3872984350
3873343354
3873477523
3874390910
3874542179
3877926244
3881867386
3887204181
3888796920
3889711984
3892033009
3892129045
3892222226
3894934948
3898124451
3898203302
3899013273
3904211920
3904706831
3905755660
3906846554
3915130891
3915419055
3915856126
3917191739
3917422710
3918635749
3919213990
3920576074
3921556025
3922139988
3923579656
3924732242
3924742280
3925233302
3930301915
3933944544
3935065460
3937097769
3937159023
3937504615
3938308139
3939898102
3944055379
3946028013
3948066778
3948500928
3949244569
3949415509
3950667366
3955812413
3956338602
3957014220
3958275086
3958962286
3965349763
3965394590
3966723518
3967946624
3971892411
3972858224
3974623138
3975764705
3977847310
3979027137
3979490476
3979800088
3982123165
3983727703
3983810164
3985184895
3985774756
3987695521
3987948938
3988072237
3991268986
3991643954
3995939104
4001151965
4002277867
4002879003
4002937983
4003823767
4007109604
4009451860
4010648762
4010668394
4011716164
4011824883
4012707228
4013364628
4013688573
4014094583
4014410950
4015353550
4016347287
4016751369
4019414318
4019466320
4023536494
4024833408
4027139559
4031978884
4035480243
4036623310
4044008392
4047783912
4056596533
4059828406
4061004797
4065251461
4065863983
4066445778
4069721678
4074614444
4076097252
4077953605
4083096987
4087151029
4089800646
4091434870
4093084887
4097983082
4098554610
4099804406
4101577357
4105796387
4105908921
4107766145
4110598897
4111258008
4113149164
4115829219
4116258260
4120238374
4120768664
4120893144
4121948822
4125518619
4125654658
4127595768
4128208050
4129679448
4132157106
4132184103
4134722333
4134876854
4137161034
4139142881
4139832814
4140605328
4141249322
4143374980
4145232898
4146204851
4151375058
4153469538
4155848544
4155958952
4157135757
4157402259
4159519138
4160067490
4160843986
4161695857
4162835332
4165433187
4165700756
4165806063
4167759084
4168023509
4168689549
4168983735
4170306965
4170395407
4171776283
4176177148
4182023108
4182322235
4183755621
4189600368
4190626956
4191009877
4191393112
4194547445
4195000748
4195533037
4195864705
4196224688
4206137654
4207950152
4212125655
4212317291
4215432153
4216533145
4220109273
4220589061
4222339635
4227853330
4229974876
4230006549
4230732995
4231174031
4232778470
4233492621
4234615466
4235566233
4240047715
4243266425
4247563152
4249114349
4250246800
4250772456
4252340203
4252395920
4252969437
4259882372
4260156861
4262680160
4268029182
4269182752
4269746047
4269906634
4271556724
4271679045
4277789857
4282970422
4283385087
4285977367
4287579296
4288941035
4289113861
4290099252
4292651728
4293441703
4294677260
4297278649
4302829353
4303680293
4305643563
4305829043
4310228689
4313029573
4317935576
4325632256
4326905890
4327026873
4327513290
4327614777
4335364055
4336868493
4337106713
4337691945
4339947143
4340988526
4342355141
4342782981
4345468814
4349842231
4355469469
4357705939
4358797609
4368296154
4368567339
4369825189
4370402644
4371987245
4379317829
4380274785
4385871999
4386668348
4387574671
4393455875
4394886821
4397949660
4399036982
4401162724
4403841188
4404862107
4405412068
4409565897
4410268643
4411083743
4412346521
4414036305
4415414035
4417874100
4419124675
4419841292
4420591538
4421169804
4422117623
4424120651
4424719078
4427273287
4428492685
4428708387
4428716046
4431018901
4431545453
4432475762
4432958163
4434014002
4443244857
4445323862
4451980707
4453267627
4455070747
4455392711
4457660643
4461810615
4462928117
4465127003
4465355765
4466232862
4466998693
4467594629
4472526762
4475234295
4477408982
4479506820
4481431259
4482659112
4483523025
4487080559
4487642098
4490579305
4492149768
4493839332
4502868163
4503971640
4511293664
4513438534
4515471228
4515472616
4515835014
4516683458
4518500553
4521837097
4524424682
4527150660
4528657213
4531575180
4531719003
4532198762
4532858260
4534665344
4535202072
4537319606
4541537555
4542505100
4547106503
4548848456
4550023243
4550460731
4551441595
4551603737
4552956507
4553647459
4555339422
4556269414
4557173022
4558331070
4558648960
4558671334
4558690835
4559433640
4559516169
4560391742
4561352807
4562291916
4564431758
4564551263
4568408550
4568930812
4569390035
4569475477
4570918508
4572288715
4572511766
4574232078
4575044121
4575217179
4576399770
4578483716
4584164888
4584453529
4590792728
4591369987
4592298839
4593214211
4597392252
4598578197
4599588213
4600347959
4608204100
4609876449
4611446789
4612111816
4612359143
4613547104
4614329999
4615518488
4617451687
4623402093
4623918270
4624110231
4624995224
4628174148
4631773906
4632737168
4633440600
4633605618
4635946460
4636676900
4638462782
4639474958
4639988846
4641293345
4646739536
4648098314
4648556702
4648673614
4648858406
4649918420
4654632637
4658472386
4660444774
4662442532
4664411351
4669029045
4670840717
4670937171
4672546079
4672793508
4673280685
4673558585
4678109732
4680111352
4681230065
4684477172
4686493533
4687284806
4694465516
4700564149
4702043827
4702973320
4703635853
4703760946
4703997167
4705994242
4706195639
4706427612
4707372292
4713943880
4715866759
4716535812
4717164424
4717662745
4717668155
4718840813
4719139639
4720263373
4721279183
4722306349
4723711642
4725535375
4726159574
4727813384
4732858179
4733214607
4733215005
4733477332
4735238063
4738130721
4743703896
4744916356
4752346056
4752483601
4753634421
4758114873
4762002133
4763309387
4772601712
4777273996
4778452296
4779345920
4779511925
4780913101
4782842434
4786018752
4786397485
4786983594
4787935952
4788083756
4788301175
4789164223
4790886205
4793064050
4793282732
4793436703
4793670433
4796115326
4796936408
4798087521
4798241008
4798809569
4798913959
4801997549
4805411718
4807251470
4807403142
4807523987
4808045053
4808149928
4808931080
4810445503
4811189055
4811821794
4812606314
4815851547
4817589353
4819984076
4820029251
4820461515
4821110437
4822368584
4823464059
4823783828
4825250165
4827200993
4828306747
4834471843
4834614023
4839593617
4841712398
4842851616
4844972696
4846585686
4849985469
4850341756
4850557837
4850711298
4852558554
4855126579
4858228639
4858768804
4858913171
4859490849
4861779804
4864011496
4866200079
4867899754
4869308170
4869507379
4869886185
4870070301
4870116257
4870684346
4875947067
4877396145
4877774724
4880371486
4883333856
4885844344
4887904123
4888447890
4891983633
4893264748
4894254730
4894313484
4894410616
4894452834
4895753462
4897556571
4898914528
4900532340
4900647477
4900697818
4900788461
4900866943
4903818195
4905874998
4905892906
4907853534
4908029360
4908572668
4911508313
4914453334
4915039239
4916949973
4917333352
4917382498
4921006109
4921147627
4921938772
4922326003
4922830229
4923569047
4924983552
4925385577
4931885436
4933123543
4933875301
4938332810
4939285980
4942637508
4943420577
4944718283
4946338884
4946996815
4948069658
4954964561
4956270405
4956495963
4956662374
4960335061
4961135224
4965093996
4966461959
4967144104
4972881639
4974843674
4975538657
4976573720
4982750805
4984929394
4987610366
4988116448
4988645152
4990455490
4994899026
4997691089
5002321605
5003566240
5003835259
5005297225
5005661532
5009263363
5011323781
5014725143
5014939853
5015722943
5016163959
5016938042
5016970760
5017485021
5017582111
5017761796
5020121111
5020624594
5027132549
5027486553
5032845622
5032949127
5037569349
5039197656
5044527857
5044782336
5044972055
5046347498
5047714542
5053321016
5057676190
5061221249
5061777518
5064793040
5066412098
5067199698
5067533388
5069071466
5070041075
5077945386
5078245123
5083677238
5087329716
5090882988
5093921916
5097059849
5097863564
5098072294
5099201375
5102435318
5104908639
5106800616
5108137813
5109028513
5109777357
5113221504
5114941710
5118251875
5118807141
5122215421
5125044888
5125082445
5125169328
5127139715
5128205299
5128257530
5128342215
5130862466
5132744504
5134136316
5136448855
5136459919
5138557410
5142008165
5142907095
5145107217
5145433884
5146249310
5149293176
5149393073
5150781888
5155948521
5156143252
5156167839
5156844149
5157606485
5158261099
5158425993
5160318530
5161411261
5163740790
5164128105
5164796322
5165970647
5166207077
5175518781
5181151203
5183516014
5184496058
5193380867
5197710073
5200347866
5200839959
5202759487
5202919341
5208641424
5209451782
5212468511
5213698764
5214322367
5215022416
5217508424
5218017491
5219312258
5219403418
5220493112
5220602023
5223500678
5223513294
5223937097
5226993578
5228761782
5233793234
5234313348
5237335271
5237456004
5238649300
5240828124
5240851468
5241687272
5244862018
5245080747
5246722941
5250941005
5251000418
5254418282
5254678056
5256284198
5258731439
5259378937
5259405778
5260806871
5263677339
5267273299
5267937206
5269918392
5274363290
5277299554
5278387434
5278706440
5279494339
5281808060
5282822717
5283201096
5283253316
5283824895
5287764480
5288820414
5289153895
5290563835
5292813651
5294945937
5298445247
5299011812
5299426666
5305590720
5306279018
5306760288
5307360325
5308122808
5309726803
5312953506
5315592869
5319298057
5319327312
5319912269
5321599224
5322240170
5326188323
5329370231
5329605922
5329881808
5330525663
5332201111
5335199165
5335530596
5336869346
5340862240
5342260419
5348243420
5349221568
5349678283
5352345715
5355242974
5358325859
5363615489
5368382386
5368860042
5369511480
5369667558
5370059322
5370225184
5372910149
5373351186
5373467651
5375048414
5376269717
5378170450
5378626414
5378643365
5378944703
5379226532
5379439002
5382950942
5383912702
5385399424
5385801480
5385870690
5386557993
5387354439
5389802500
5392013605
5400053605
5400305468
5402040698
5408240954
5412486422
5418972298
5425649362
5432318389
5432864623
5434483650
5434534525
5436695940
5437224248
5438527337
5439842616
5442386740
5443214936
5444070973
5444556962
5448375711
5449919971
5450948452
5453480901
5454081087
5454632760
5456101843
5456534620
5456755944
5458590430
5460221550
5461859160
5462091231
5464696239
5465012903
5466639804
5467519984
5467996965
5468050147
5472265270
5472838191
5473247712
5474325033
5476244262
5479250687
5480017809
5480806127
5483994817
5485460387
5485711906
5488291090
5488524899
5488954923
5490600591
5490828862
5490875667
5492723792
5495619917
5495776997
5498607989
5499358250
5500966999
5503692020
5504688349
5510162567
5513208448
5514265141
5515597388
5515750207
5518735453
5518901093
5519190077
5521103002
5521654056
5522819398
5524829326
5526979627
5528707833
5530515747
5533014442
5537837483
5540801442
5541883906
5543531221
5544904170
5545998500
5547642623
5551523651
5551592941
5552334974
5555470831
5557694331
5559397830
5559626639
5564026796
5564096046
5565723300
5570158946
5570797312
5575121780
5576017695
5580047322
5586254994
5587779711
5588478900
5593819178
5595768943
5601046056
5601355487
5604089219
5604385138
5607332488
5609764086
5609998144
5612356315
5613156263
5614181756
5615591464
5618365566
5619117198
5622628180
5622944189
5623857813
5625124641
5627959591
5629385001
5631746456
5632284086
5634079038
5636051086
5641422014
5642529676
5645210093
5645529759
5651512074
5653728538
5654403105
5654590240
5656095707
5658320737
5659396594
5662149163
5666386930
5667697086
5667930357
5668186693
5669210922
5672254378
5672663593
5676006476
5678711511
5679462658
5680883833
5681849978
5682175558
5684022519
5684198714
5684730790
5686648241
5691489678
5691661046
5699350011
5704229562
5706560602
5708213680
5713364472
5715631364
5717799465
5726415713
5729123008
5729293490
5730095953
5735367365
5742519016
5745761944
5748517906
5753008681
5759778050
5761668291
5764221840
5768085881
5770928102
5771113385
5779431437
5780466356
5787452717
5788151715
5789751898
5790606017
5794820933
5797409951
5798063468
5799901481
5800189451
5802647948
5807396385
5808392951
5811573395
5814388757
5815421844
5817629221
5820074989
5825007007
5827012354
5829229838
5830423166
5832784885
5834102957
5835284913
5838498359
5839122162
5840614172
5842763693
5843076263
5844607200
5844898477
5850847482
5850958720
5851439734
5851772663
5852685066
5853200556
5854500196
5855524351
5857236800
5860415180
5861950719
5863647253
5868322372
5869885960
5870312383
5873126082
5880038281
5882427709
5883272686
5883736089
5883802411
5887992507
5888824005
5889833579
5892382446
5892722284
5898974465
5900144325
5903047210
5903907188
5905713542
5906681012
5907944270
5911282889
5911647684
5914562926
5914794551
5917947057
5917951707
5919505980
5919551957
5923396873
5926705668
5927640628
5929011812
5933800084
5935009412
5936642117
5938435369
5939184932
5941700393
5942950573
5950171807
5950276429
5952404320
5956709538
5957218172
5957979739
5959106053
5959217074
5959644272
5960885787
5961453934
5961902954
5962145915
5962239260
5963604072
5964073189
5964646823
5966738031
5968371288
5969462746
5970669519
5971299399
5975250453
5979820454
5980560019
5981745253
5983509104
5985246007
5985504790
5986511694
5986797345
5989266688
5998282589
6006015761
6014581671
6014998732
6017096812
6017320157
6017634773
6018092952
6018749986
6019711773
6024356803
6024920896
6025434122
6032043831
6032484899
6034042066
6037018559
6037322947
6038884648
6041052676
6043168783
6044266988
6045295103
6047043284
6048650728
6049289652
6049601620
6050668052
6051696595
6054120171
6055975743
6056260837
6061678382
6062397045
6063786810
6068012080
6069027110
6071746514
6073587040
6075719638
6077430434
6078434079
6079017778
6079366647
6079518572
6079639263
6083282639
6087116752
6087136748
6087291933
6088550911
6089359063
6089873467
6090166426
6094121775
6094137953
6094650865
6096315079
6098103285
6103983339
6108096697
6108237038
6109808345
6109835702
6110728715
6116508872
6119364338
6120664179
6122652403
6123753077
6124339868
6126172426
6127584129
6127753179
6132144735
6132295960
6132753586
6133210137
6135243617
6135965601
6138167964
6141956855
6142899870
6145656144
6148160944
6149932004
6151409255
6151450135
6151491870
6154295364
6155218456
6155570748
6157987981
6159823091
6160075671
6160786949
6163296312
6165714143
6168040279
6170747942
6175777849
6182890891
6184967928
6188880086
6193959295
6195298379
6195664915
6195776990
6195808736
6196427587
6199678771
6199940214
6200006735
6200321738
6200381911
6201649035
6204130649
6207856083
6207875803
6208508296
6208589396
6209826527
6210893344
6213207288
6213762008
6213862101
6221287337
6221900178
6223720136
6223756726
6224911632
6224926641
6227589390
6228225540
6229065800
6230776822
6232174652
6236425375
6237841124
6238292647
6240090249
6240142079
6247967197
6249539547
6251987707
6253924677
6258963358
6261194028
6262506697
6264981369
6265264089
6266758937
6266764947
6268937374
6271946767
6273783954
6273991680
6279828157
6280884315
6281485075
6283492450
6285164816
6286911234
6288252662
6288439811
6291024775
6292506417
6293820540
6303716637
6303770572
6306452186
6307856358
6308596682
6314814088
6316407768
6324772204
6325441730
6327968339
6328956463
6330466932
6330728654
6331730356
6331946091
6331957116
6332030278
6332431969
6334821346
6341552162
6342057942
6343562129
6343727064
6343832577
6346609821
6347364433
6353655749
6353795994
6354975132
6357360477
6360413239
6361824151
6362023540
6365033820
6366173719
6366951169
6367586023
6367648465
6368175229
6371095910
6371100189
6372076247
6372532012
6373576543
6373944199
6375773211
6377366392
6379567777
6379766605
6381201286
6382173358
6382864270
6383353162
6384103367
6384997629
6385506869
6385521846
6386755284
6388292835
6389931131
6390318441
6390604354
6392117228
6392920904
6393964779
6396492154
6398406471
6402283946
6402917554
6405036850
6405656202
6407764304
6408500187
6409867478
6411378586
6411445988
6411559740
6412741859
6417384554
6419666113
6420035503
6421463731
6423505981
6425320161
6427829806
6430059196
6432853580
6433250494
6437962486
6438196248
6438509666
6439414825
6443118123
6443789735
6446349337
6446557723
6446790567
6447547084
6449646484
6452705538
6454841009
6457162461
6458201078
6458911701
6459652178
6465596061
6466416177
6467941739
6468693253
6469601846
6471615789
6475668029
6476115961
6477831820
6478430072
6479573469
6479846230
6480788982
6482588250
6483323560
6484024729
6487139947
6489246238
6490256132
6490545142
6491493726
6491552207
6493929919
6493984888
6496369380
6499444298
6501125056
6504777418
6506204447
6506754255
6507861295
6509229012
6514167556
6516529624
6518134460
6518402651
6519499918
6522837786
6523585681
6523906530
6524819871
6524887492
6524984558
6525813317
6527557320
6527667249
6530654291
6535640450
6536781384
6536845631
6537692648
6537997828
6538388124
6538666742
6542556795
6542796007
6543394284
6543878556
6546394149
6546461148
6546733656
6548311498
6549883964
6550591617
6553225034
6559302170
6561528300
6562171176
6564616315
6565755652
6567348573
6569762526
6578320166
6579956854
6580083321
6580135762
6584187303
6586088131
6587278554
6587939367
6588366433
6588655678
6593024958
6598349864
6598701273
6598725705
6600697824
6601455755
6602046553
6603124742
6606491365
6610186764
6611566404
6611682778
6613297572
6613980629
6615309785
6616721627
6620496703
6620635971
6621859462
6624063127
6626688029
6627109075
6631683231
6632206378
6632870357
6632988070
6633902110
6637090661
6644011923
6644077742
6645021494
6645572130
6647309933
6647916998
6648431123
6649465149
6649490588
6653181741
6655193362
6655420707
6657015213
6661763976
6662005491
6662637516
6663381657
6664039637
6664609445
6666682238
6667125588
6667615198
6667758591
6668607512
6668695731
6671463163
6673075383
6674748798
6675320520
6675577009
6676140410
6678574653
6679977016
6680994118
6682746688
6687131766
6689716024
6689915947
6691920958
6697023940
6697965865
6698713060
6698937794
6700848590
6701013953
6701815068
6703742003
6705624498
6705722534
6708019606
6708195009
6709407427
6713878394
6715506140
6716479381
6721236154
6721546190
6724120786
6731683995
6731918621
6733353003
6733622751
6733659534
6735105019
6738503455
6738568284
6745469095
6745471146
6749498233
6750688449
6751039388
6752953749
6754411435
6756089186
6758998628
6760483656
6763375028
6766690999
6769471112
6770725889
6773805178
6776646490
6777470757
6779168422
6779904205
6780004380
6782203733
6782841638
6790273283
6790803505
6790820066
6792791256
6798706716
6800122932
6802394534
6803191874
6807978585
6809269053
6811084441
6811325224
6813884808
6813910790
6815851123
6816061393
6819678472
6820799286
6823768793
6824176966
6824286316
6824446727
6830754328
6830877638
6830946157
6832514120
6832749829
6833736867
6834658934
6836011812
6836506883
6838326662
6840501864
6842283432
6843813474
6845603657
6846549784
6847848545
6848420375
6849106160
6852628212
6854892709
6855611781
6857977411
6860861644
6867140333
6867897710
6868324151
6879133977
6880374213
6881427413
6883505933
6886152502
6888118687
6888720001
6889498126
6891577623
6892194763
6896385899
6905018917
6905915841
6909148397
6911602521
6916931012
6917691294
6917741232
6919256441
6920606281
6921064778
6923474003
6925281603
6927204870
6929093762
6930041288
6930441898
6933259868
6936151750
6937438869
6938284084
6941380350
6942226449
6945198307
6945732327
6946035289
6948349045
6948707440
6950557317
6951958043
6952627272
6952789615
6955669293
6956455212
6957448611
6958212156
6959101263
6959450592
6962600180
6962790798
6966363613
6969808669
6971392217
6972571894
6972895934
6974635607
6975156593
6975478375
6975860819
6976683810
6978588829
6980866901
6981801565
6982443405
6983646937
6985880814
6990903026
6993547431
6995853305
6995939294
6996168400
6998554299
6999271652
7003512730
7011636248
7012885765
7013414596
7016471301
7016749792
7017810271
7018339761
7018967140
7019822510
7020184120
7020571275
7023934271
7025279808
7025809444
7036825463
7038208396
7039148561
7039328244
7043936449
7045211648
7045706606
7048601950
7050347148
7051114180
7053664512
7057661812
7059390761
7059940527
7061053622
7062870341
7063498986
7064639660
7066792223
7067295923
7070242227
7070823682
7073084265
7078737639
7085891119
7089047444
7090009226
7091674983
7091921995
7092098576
7094476620
7094945760
7096349516
7101594091
7104092497
7107354785
7110938454
7111137077
7111709273
7112208546
7113195105
7115349668
7120284924
7121198673
7123225309
7124274437
7127120495
7127717558
7127990672
7131885084
7132472122
7133657340
7133837211
7135105069
7137209173
7141976327
7143114384
7144381294
7144432631
7146488916
7149180422
7149379536
7150342958
7150603183
7151276440
7153276794
7154501275
7154839970
7156793016
7160343204
7160490685
7162539402
7165463803
7170010349
7178170056
7180674273
7182850836
7185657027
7186246160
7186571383
7190027584
7190945937
7191054883
7191336438
7192312417
7195104340
7195986956
7198456056
7199116398
7202772519
7206545706
7207293848
7210508708
7212313380
7212447453
7212743212
7214236737
7214296119
7215652314
7217798482
7218249958
7221329524
7222406751
7224449011
7225541553
7225552057
7227136737
7234360296
7236168921
7238439655
7242008898
7242369612
7243105527
7244439030
7245040027
7246650591
7248005717
7260474714
7266074838
7267036627
7267447513
7269343775
7282882139
7283207853
7285339287
7286762040
7288326382
7289992119
7291454562
7291772964
7292370606
7294937248
7295324894
7298555355
7298574853
7299973245
7301125221
7303860721
7305407655
7305983686
7306125611
7309551632
7309607116
7310194980
7311187981
7311388850
7311928865
7312700370
7314837490
7315937494
7316056758
7317218197
7317953829
7320227240
7322354784
7323654129
7324990679
7327535253
7329414319
7334465696
7336114190
7337168231
7337309988
7337907707
7339499240
7339696076
7342781388
7343675179
7344837800
7350872619
7352219446
7353140236
7358462888
7358854872
7362297876
7363532584
7365056070
7367230673
7368714981
7368888780
7371075994
7376492060
7377162839
7377688005
7379117198
7381957537
7384697104
7385623011
7386893046
7388245428
7390076027
7391850394
7392016762
7397597323
7397887393
7397988843
7398705157
7399656545
7402684959
7403922790
7405251724
7406482443
7406903381
7408494857
7409402880
7410378746
7410887794
7415252995
7415596463
7425027649
7426658969
7428143425
7432157850
7432472736
7435796501
7441336458
7444035655
7444697172
7445126043
7447976427
7452715795
7454523263
7455542055
7456242309
7462405559
7462888575
7465735006
7465893527
7471542772
7474797335
7477132465
7477787792
7479015433
7479050060
7479968116
7480957751
7481412332
7482566564
7483652104
7484041398
7486213064
7488790313
7493232081
7495998750
7497218261
7498111083
7498603225
7500105169
7501196976
7501198206
7504560128
7505834137
7506001594
7510170664
7510392864
7510774505
7512268729
7514172445
7519141734
7522416729
7524930282
7525228527
7526492052
7526675960
7531004059
7532494644
7535966610
7536021068
7538283178
7539748853
7541716634
7541978053
7542056425
7542255909
7543958637
7544439002
7545587693
7546513964
7547249792
7548967793
7549098113
7551648758
7557428223
7558820329
7559360432
7561186795
7564973448
7566820054
7568055764
7570125670
7570641163
7570841267
7571834497
7574922659
7577334745
7578816553
7579394574
7581542960
7582558942
7583268098
7584524899
7584574705
7586492520
7589920841
7591003776
7592346674
7593689245
7594613250
7595891387
7597091626
7599354447
7599765505
7600989215
7608793014
7611848060
7619997912
7620951079
7623190565
7625709525
7631060474
7634282324
7634426752
7634458020
7635916810
7636205557
7639019804
7639636264
7642006217
7642109163
7642983957
7644215093
7645256813
7647053468
7649396501
7652211843
7652898714
7655734365
7656400745
7658135330
7658249124
7659387484
7660441426
7660821630
7661181105
7662186426
7665149826
7665407056
7665751315
7665823311
7669072968
7670235483
7671900261
7675931489
7677260232
7680884188
7688838771
7690129291
7690412146
7690768994
7690809772
7693293720
7693814398
7695975123
7698571960
7699982106
7700394155
7700874614
7701085768
7702281103
7702465078
7705446581
7705511745
7711241899
7713676350
7716683367
7720850472
7723321731
7726279187
7728148249
7729012427
7734029253
7734900259
7735702364
7736017420
7743129804
7744233738
7744846739
7746633220
7748718195
7748723538
7756894969
7757463536
7761161591
7762944694
7767869221
7767936130
7769183276
7775487036
7776344950
7776881842
7779691725
7779736228
7779920282
7781244193
7783721427
7786103682
7786684206
7786838084
7787827948
7787869525
7791175497
7791407669
7794724122
7794829585
7802573241
7804519791
7808756882
7809411076
7809593328
7809783949
7813595423
7816797200
7823744153
7824981465
7825261746
7827284969
7827992298
7829102947
7833943621
7840049053
7841611316
7843190444
7843996484
7845893360
7850581504
7851885759
7852901104
7853342635
7859126899
7861033818
7861286120
7868317493
7868556691
7868564371
7870421539
7872102633
7875605024
7875894081
7876166247
7877575101
7879556106
7881535316
7882099190
7886620418
7887550551
7887621264
7888397641
7888632150
7890114652
7894129776
7894625490
7898256144
7903925336
7906386736
7912640947
7914978901
7920765388
7922018185
7922915420
7927496971
7928336366
7929483808
7932560752
7933954816
7936586719
7937144090
7937345195
7938335259
7940194243
7941820662
7942728516
7947939804
7948530865
7948854428
7954748409
7955169398
7955295809
7957369076
7960233937
7960959127
7961163734
7961776288
7962104679
7962262471
7965361743
7965725884
7965984339
7967249303
7969084191
7969274320
7972668588
7974390871
7978752919
7988628986
7988962241
7996424411
8000088781
8000987227
8002596918
8007117686
8007764325
8009484698
8009557689
8010917176
8011574317
8012430047
8013087646
8015400189
8016924982
8016944324
8017836882
8018670050
8018862049
8019777583
8019891004
8022417181
8022799765
8023453559
8024059420
8024885302
8028355212
8030603480
8034254369
8034533522
8035366057
8035672200
8037306854
8044093668
8045859818
8047589573
8048167732
8048841167
8052071964
8053674928
8054217768
8061138310
8062552725
8067905535
8068048702
8069372977
8072029286
8075938704
8077519472
8077554768
8077973784
8078260941
8080473567
8081349943
8082470394
8082777363
8090355080
8093620410
8094369940
8094907121
8096707819
8097445356
8104025581
8104714006
8105908259
8111970828
8112258020
8113376692
8113572763
8114604879
8115056481
8115474911
8116587378
8116879569
8117248370
8117514295
8118253827
8118412239
8124133967
8128769834
8130066240
8131076386
8131298698
8132132669
8133853227
8133936117
8134580849
8135489539
8136419377
8136542322
8138052898
8138354458
8138545383
8141527070
8144985154
8145690223
8146535887
8148465618
8151360996
8151481962
8153166579
8153436739
8156779588
8158049847
8158662180
8159156190
8160699511
8161525779
8164133272
8166689485
8169468177
8169517889
8169935819
8170171262
8172764899
8174092692
8178726872
8181825658
8182068144
8183937393
8186792536
8189704380
8196732465
8197445110
8199628291
8201363520
8203637709
8204664514
8208607188
8210873157
8213557203
8215492717
8216895475
8216968196
8217091655
8219282700
8219895261
8221023487
8225666991
8226874177
8229022322
8230252866
8232606673
8239109902
8239285052
8240077248
8240208171
8240963085
8241233969
8244135843
8244440641
8245214781
8252014291
8252538849
8252582695
8255404929
8255922111
8257135862
8259485388
8259731095
8261698081
8264044911
8264575814
8264645148
8268193067
8269342047
8273334519
8273669767
8274388252
8277055620
8278767058
8280112916
8281257000
8282295663
8284515938
8286177554
8290227276
8291349790
8291384091
8291494405
8292494575
8295629262
8296364050
8299969494
8301175021
8302304607
8302507700
8302731046
8305604200
8305721068
8308547642
8311066019
8313218680
8313977672
8314284485
8316804749
8317842219
8318580573
8320505751
8323562511
8326853212
8327720033
8328015263
8330573114
8332056903
8334572347
8334578307
8335359082
8337008343
8337638405
8337970988
8338269501
8339992898
8342925537
8344063790
8344513050
8349206940
8351410149
8351853525
8352453411
8353093694
8354973259
8360436745
8369050218
8370930720
8371075708
8374080258
8374220309
8374262344
8374973446
8377143304
8377961574
8379205107
8382663271
8383313064
8386131209
8386146060
8387681908
8388430002
8389201548
8390623489
8391126256
8392659097
8393578806
8400687647
8401693012
8402014818
8403764503
8404775758
8405767907
8405998178
8407488464
8409547039
8409694930
8412099800
8412694441
8413126787
8417566953
8418708149
8419472756
8419825187
8420691702
8422716917
8424444710
8424820728
8424858877
8431319583
8433341550
8433983618
8435754278
8438123324
8438881714
8440292684
8441714867
8444802956
8447886186
8450454066
8454821053
8456743857
8459649751
8460189289
8460509144
8464521829
8464755156
8469637460
8471929873
8473098106
8473247885
8474466709
8475188819
8477390723
8479243889
8479441985
8483530816
8484977262
8485344787
8488100086
8490232266
8490497296
8491318948
8491334632
8491457864
8491841813
8492595234
8494382349
8495601768
8496279939
8496788542
8498368757
8498437841
8500408505
8501315161
8502196670
8509024186
8509040730
8509060910
8510708833
8511421777
8513400842
8514969196
8514990627
8516501021
8517811693
8520073291
8524648570
8524761850
8525830308
8526189332
8527913237
8528255337
8531709152
8532166943
8532823326
8534742634
8534911143
8535635842
8543023001
8545094362
8547556589
8549652018
8551075874
8553455300
8556168126
8556216485
8559969921
8561999462
8562155840
8563456178
8565737017
8566361401
8567377420
8567726095
8571037764
8574502201
8578175432
8578323053
8579024485
8581274869
8582377832
8582422898
8582707403
8582879738
8583477157
8583568173
8584935087
8587611777
8589630319
8589666387
8589975103
8591175956
8592405002
8592852270
8592899816
8594434482
8597630935
8597786941
8598184009
8599766659
8601998312
8607837856
8608629105
8608982646
8609975729
8610196498
8611559612
8612668794
8613063761
8615792242
8617535036
8618483984
8619650777
8619757325
8623555151
8624084840
8625339749
8625858982
8628529638
8632216006
8633413409
8633706012
8634445159
8634723829
8637161662
8638577840
8639652802
8642657378
8644740953
8644834002
8655818802
8655991500
8658853842
8659211430
8661735373
8665236366
8665811804
8666312563
8666880091
8668903055
8669086041
8671713999
8674539114
8678231005
8679045495
8681368859
8681434773
8683977734
8685108445
8688097314
8688617678
8690823870
8691386332
8692241827
8694768253
8695554234
8695826475
8698424626
8700190186
8702207782
8709411730
8712786887
8712862087
8713755340
8715072964
8715960780
8718245846
8718577564
8719010786
8719436940
8719673558
8722160568
8722535730
8725595601
8729777305
8729832015
8732300618
8732364599
8737859989
8738865357
8740216290
8740392744
8741837198
8742459496
8742718170
8743058859
8747271320
8748256141
8750364219
8753644369
8754353511
8754485063
8755602787
8756368135
8757192935
8757199561
8758214493
8759771519
8760689921
8761526846
8767590049
8768971618
8770395166
8772123447
8775763505
8777207064
8777231999
8777934201
8778497472
8781089052
8784767371
8784868364
8785785178
8787069975
8787480212
8791354835
8791515719
8792473727
8795151819
8797424686
8798883977
8798931789
8805228799
8805856128
8806046898
8807829279
8810788982
8812259291
8812827034
8812987654
8813000442
8814262754
8814304281
8817299254
8823028123
8826450485
8828055813
8828256440
8829637764
8833401223
8834499606
8836129635
8837011165
8840439722
8840660774
8840859341
8843880475
8846297775
8846370553
8846537415
8846675754
8846846457
8847440664
8848378284
8848500992
8849209750
8852014575
8852825977
8855137126
8858021777
8860529700
8861583806
8864734007
8865442403
8865464678
8871146666
8871716884
8872250328
8872954255
8879831704
8882393310
8882818517
8883604607
8884057486
8888786267
8890884105
8892676620
8893726296
8894773445
8900132888
8900818976
8904856324
8905931613
8911888298
8911936868
8912899584
8914349958
8921866112
8926988335
8928286700
8928700817
8931002263
8933200653
8935052159
8935437804
8936489412
8936641871
8938434871
8940551227
8942331159
8942829205
8943144213
8946900617
8947050406
8947230315
8949350760
8949749875
8956772886
8956927384
8966256833
8968935475
8970949472
8972912283
8973006206
8975253957
8976670403
8976737788
8977454848
8979874111
8979970527
8980967272
8988285652
8990659234
8990698976
8993876059
8995699740
8997409825
8999203965
9001569843
9002191263
9002380637
9005055287
9007224883
9007300763
9009890570
9012149835
9015699634
9017374259
9018570867
9019723924
9020671404
9023799284
9031051769
9034052476
9035603655
9036272294
9039832689
9039846551
9040450358
9045190267
9047475794
9047758757
9048750964
9049515069
9050427406
9055406984
9055477043
9056360080
9059843348
9064023388
9064720760
9065583137
9066239056
9066849160
9068412636
9069949199
9073425206
9075131170
9075437427
9075638295
9075744024
9076300032
9077116907
9079209060
9080486919
9081035411
9081617614
9081768254
9082805286
9094877566
9095169988
9097854649
9098313406
9101115067
9102760425
9103043105
9105903543
9106820105
9109747505
9111224171
9112102146
9112210729
9114463832
9116240470
9116828439
9123240373
9123963262
9125406619
9127472431
9128678453
9132361064
9133741360
9137496337
9139037537
9139277027
9140612647
9141993906
9144024123
9144639636
9145857028
9147745878
9147774052
9148040347
9149289682
9152424575
9154503267
9155906314
9157964882
9159177447
9161230086
9171349090
9174392611
9174837430
9177539476
9177569840
9178160949
9179474463
9184188190
9185961667
9186419450
9187284884
9188489184
9188636671
9191815192
9192349850
9192351994
9195378576
9198364397
9200085224
9203714585
9205871072
9206747447
9209059859
9209323188
9211068552
9213241175
9213706301
9215592048
9217011810
9218065763
9218673904
9219153796
9219492770
9220697716
9222492183
9222837571
9224450391
9225436971
9226004088
9226063435
9227181975
9227673852
9234456183
9238789881
9239523139
9240630540
9246573040
9247883319
9250887712
9257411515
9263892732
9266159801
9267728578
9269069310
9269380522
9270243865
9271234724
9271515442
9271907281
9273175353
9279904760
9281070056
9283241656
9285363171
9286730694
9287958224
9290236171
9290342665
9292052239
9296042461
9296186900
9296187375
9296420159
9299049344
9299440629
9304607790
9305223956
9305982622
9306710300
9307360671
9307413882
9308196543
9312379217
9313838979
9315800405
9316028562
9317128291
9319537584
9327525989
9329157098
9329850216
9329944917
9330469601
9330696658
9332396642
9333525435
9334493708
9335298502
9335340884
9335967577
9338008104
9339145291
9339439355
9342066977
9342254032
9346173198
9349950836
9351754807
9352755160
9353008084
9356187577
9356650520
9357792585
9366739913
9367049193
9368007543
9369478308
9370825384
9371844710
9375713387
9376240541
9376490401
9376739690
9377400250
9377834525
9377905889
9381848303
9385408406
9386497928
9388244234
9388769660
9399153559
9399719254
9400325561
9400612439
9404151601
9405176482
9405771327
9407145412
9409846921
9415625240
9419410556
9419710384
9419954475
9421696146
9426063375
9426573907
9428061260
9428823284
9431252371
9431723837
9431724533
9432088770
9432300216
9443003555
9443983057
9447750691
9449563932
9449744239
9458376981
9458743572
9462330158
9463687303
9464869721
9466367469
9467563639
9469012468
9471832142
9473307826
9473518679
9475404545
9477137388
9479707592
9481150063
9481853175
9483304984
9485995957
9487155642
9488276578
9488612395
9489157394
9492044310
9495319459
9495507170
9497381697
9498759856
9500591740
9503548467
9504773243
9505551251
9505865776
9506004247
9506884343
9507958747
9508727857
9508821887
9512440059
9515775247
9518284764
9518613442
9520282929
9521373118
9522813903
9523563188
9523900914
9524422288
9526148469
9527435669
9529626615
9532972306
9536568292
9538767144
9539698336
9541469231
9544607968
9545600091
9545625564
9547481818
9549884857
9550145231
9550758484
9555915839
9556490697
9559507097
9562287948
9564456283
9564864659
9565202075
9570893364
9573673607
9576983976
9581871140
9585263581
9587465378
9587554784
9589717860
9590960521
9592488613
9593132573
9593290462
9593878811
9595913223
9596863410
9597738253
9598667596
9600702859
9607796893
9609592517
9609847578
9610855957
9616434883
9617514267
9620399191
9621593436
9623675313
9623769934
9627000054
9628501895
9635995464
9636922830
9640650766
9642786285
9645521012
9645647509
9647115404
9651111437
9652348745
9652781347
9653822811
9655103405
9657674956
9659276995
9659616283
9659780765
9662584470
9662709968
9664081185
9667629413
9668912501
9669036467
9673366009
9674944160
9677079500
9684808157
9686119275
9686939952
9690531734
9692372330
9693309000
9694173121
9695461475
9704221820
9710438170
9710674184
9710899689
9716927285
9718269670
9718455636
9719058732
9719414059
9720286418
9722015410
9723476105
9727043738
9728315568
9729407596
9730811702
9733065216
9733450093
9735680556
9736093624
9738336816
9738621761
9740004047
9740416601
9742392367
9742527151
9742559114
9742832901
9748248264
9750772921
9752999449
9753086120
9756628634
9756646974
9757702613
9757970257
9758805741
9761323390
9761515208
9763754550
9765132648
9767947055
9773387582
9774878443
9774968937
9780253908
9781045833
9782890197
9784527052
9785268705
9790349018
9792115005
9794973622
9797947498
9801471520
9801981813
9802911370
9804063873
9807559027
9807673660
9810135802
9812336717
9814920820
9814988851
9815221019
9815849846
9819036486
9819806636
9820979825
9820982872
9822113899
9826991748
9827020705
9832614282
9834370911
9837284610
9839410545
9841033748
9842056135
9843022117
9848170969
9848532675
9853893786
9858889385
9859420773
9859623519
9860871399
9861687561
9862468193
9862708096
9863616322
9864273978
9866223177
9867253682
9868989230
9871399266
9872091992
9872516388
9873927704
9874782599
9876715808
9877589448
9880183489
9883539586
9888069401
9893338112
9894316454
9894963110
9897185075
9900224880
9906380521
9907635422
9909111144
9909159384
9909990481
9913202395
9913790656
9914178326
9915145802
9917216039
9918685424
9920943797
9922795088
9923597643
9925006720
9927349617
9930977615
9931545214
9933658579
9936904781
9937358773
9939351037
9940330133
9941468793
9942075825
9942546720
9946073242
9946201267
9951863081
9953383925
9955483071
9955839123
9955846463
9959053003
9961926982
9962961852
9963989389
9964346353
9964365957
9966471093
9968598542
9968891386
9970189386
9972980827
9973236879
9973309586
9973788935
9974569656
9974874633
9980476269
9983599419
9983800505
9984643839
9985078511
9990193394
9992002617
9993250816
9994715127
9996736059
